0.252000 0.327300 -1.840923 0.298670
0.255900 0.328400 -1.841923 0.300085
0.259800 0.329500 -1.842923 0.299489
0.263700 0.330700 -1.844006 0.298083
0.267600 0.331800 -1.844995 0.298009
0.271500 0.333000 -1.846071 0.296552
0.275400 0.334200 -1.847135 0.296892
0.279300 0.335300 -1.848115 0.296136
0.283200 0.336500 -1.849178 0.296712
0.287100 0.337700 -1.850225 0.295875
0.291000 0.338900 -1.851279 0.295566
0.294900 0.340000 -1.852237 0.294200
0.298800 0.341200 -1.853275 0.294851
0.302700 0.342400 -1.854313 0.294741
0.306600 0.343600 -1.855342 0.294691
0.310500 0.344800 -1.856365 0.294903
0.314500 0.346100 -1.857465 0.294146
0.318400 0.347300 -1.858486 0.292308
0.322300 0.348500 -1.859491 0.292479
0.326200 0.349800 -1.860582 0.291566
0.330100 0.351000 -1.861586 0.291436
0.334000 0.352200 -1.862579 0.290697
0.337900 0.353500 -1.863655 0.290652
0.341800 0.354700 -1.864637 0.291517
0.345700 0.356000 -1.865705 0.290674
0.349600 0.357200 -1.866681 0.290363
0.353500 0.358500 -1.867740 0.289681
0.357400 0.359700 -1.868705 0.289519
0.361300 0.361000 -1.869749 0.289955
0.365200 0.362300 -1.870787 0.288279
0.369100 0.363600 -1.871823 0.287119
0.373000 0.364900 -1.872848 0.288077
0.377000 0.366200 -1.873877 0.287008
0.380900 0.367500 -1.874889 0.287055
0.384800 0.368800 -1.875905 0.287243
0.388700 0.370100 -1.876917 0.286176
0.392600 0.371400 -1.877922 0.286471
0.396500 0.372700 -1.878922 0.286151
0.400400 0.374000 -1.879915 0.285401
0.404300 0.375400 -1.880978 0.285391
0.408200 0.376700 -1.881968 0.285000
0.412100 0.378000 -1.882950 0.284339
0.416000 0.379400 -1.884002 0.284423
0.419900 0.380700 -1.884971 0.283749
0.423800 0.382100 -1.886013 0.282816
0.427700 0.383400 -1.886974 0.283224
0.431600 0.384800 -1.888004 0.283197
0.435500 0.386200 -1.889030 0.281068
0.439500 0.387600 -1.890049 0.282258
0.443400 0.389000 -1.891070 0.281074
0.447300 0.390400 -1.892076 0.281816
0.451200 0.391700 -1.893015 0.280739
0.455100 0.393100 -1.894017 0.280905
0.459000 0.394500 -1.895016 0.280499
0.462900 0.395900 -1.896004 0.280260
0.466800 0.397400 -1.897066 0.278887
0.470700 0.398800 -1.898049 0.279101
0.474600 0.400200 -1.899023 0.278931
0.478500 0.401600 -1.899998 0.278748
0.482400 0.403000 -1.900966 0.278004
0.486300 0.404500 -1.902002 0.277922
0.490200 0.405900 -1.902959 0.277633
0.494100 0.407400 -1.903984 0.276336
0.498000 0.408800 -1.904930 0.277175
0.502000 0.410300 -1.905943 0.276622
0.505900 0.411800 -1.906951 0.276570
0.509800 0.413300 -1.907951 0.275984
0.513700 0.414700 -1.908886 0.275380
0.517600 0.416200 -1.909876 0.274426
0.521500 0.417700 -1.910867 0.274292
0.525400 0.419200 -1.911853 0.274244
0.529300 0.420700 -1.912834 0.273879
0.533200 0.422200 -1.913805 0.273629
0.537100 0.423700 -1.914771 0.273519
0.541000 0.425200 -1.915738 0.272598
0.544900 0.426700 -1.916701 0.272612
0.548800 0.428200 -1.917655 0.271799
0.552700 0.429800 -1.918667 0.271280
0.556600 0.431300 -1.919617 0.271805
0.560500 0.432800 -1.920559 0.271242
0.564500 0.434400 -1.921559 0.270746
0.568400 0.436000 -1.922549 0.270577
0.572300 0.437500 -1.923482 0.270243
0.576200 0.439100 -1.924469 0.270174
0.580100 0.440700 -1.925447 0.269197
0.584000 0.442200 -1.926361 0.268798
0.587900 0.443800 -1.927334 0.268781
0.591800 0.445400 -1.928300 0.268055
0.595700 0.447000 -1.929260 0.268282
0.599600 0.448600 -1.930217 0.267629
0.603500 0.450200 -1.931168 0.266847
0.607400 0.451800 -1.932120 0.267115
0.611300 0.453400 -1.933061 0.266541
0.615200 0.455000 -1.934000 0.265980
0.619100 0.456600 -1.934936 0.265886
0.623000 0.458300 -1.935923 0.265280
0.627000 0.459900 -1.936847 0.265367
0.630900 0.461600 -1.937827 0.265097
0.634800 0.463200 -1.938744 0.264541
0.638700 0.464900 -1.939713 0.264746
0.642600 0.466500 -1.940617 0.264277
0.646500 0.468200 -1.941578 0.263530
0.650400 0.469900 -1.942533 0.263785
0.654300 0.471500 -1.943426 0.262997
0.658200 0.473200 -1.944374 0.262694
0.662100 0.474900 -1.945313 0.262489
0.666000 0.476600 -1.946252 0.262151
0.669900 0.478300 -1.947181 0.261783
0.673800 0.480000 -1.948110 0.261405
0.677700 0.481700 -1.949031 0.260867
0.681600 0.483400 -1.949954 0.260445
0.685500 0.485100 -1.950867 0.259995
0.689500 0.486900 -1.951831 0.259952
0.693400 0.488600 -1.952735 0.259340
0.697300 0.490400 -1.953689 0.259200
0.701200 0.492100 -1.954585 0.259136
0.705100 0.493900 -1.955528 0.258025
0.709000 0.495600 -1.956420 0.258136
0.712900 0.497400 -1.957354 0.257682
0.716800 0.499200 -1.958285 0.257988
0.720700 0.500900 -1.959160 0.257357
0.724600 0.502700 -1.960083 0.257049
0.728500 0.504500 -1.961001 0.256519
0.732400 0.506300 -1.961914 0.256389
0.736300 0.508100 -1.962824 0.255710
0.740200 0.509900 -1.963728 0.255758
0.744100 0.511700 -1.964628 0.255676
0.748000 0.513500 -1.965524 0.254930
